Result for test_float
res16[0] = 53.000000
res32[0] = 4593068.000000
res16[1] = 31.000000
res32[1] = -2233430.000000
res16[2] = 462.000000
res32[2] = 4027016019968.000000
res16[3] = 3.818182
res32[3] = 0.345659
res16[4] = 0.000000
res32[4] = 0.000000
res16[5] = 0.000000
res32[5] = 0.000000
res16[6] = 0.000000
res32[6] = 0.000000
res16[7] = 3.818182
res32[7] = 0.345659
res16[8] = 1.000000
res32[8] = 0.000000
res16[9] = 65.000000
res32[9] = 1179842.000000
res16[10] = 19.000000
res32[10] = 1179796.000000
res16[11] = -19.000000
res32[11] = -1179796.000000
res16[12] = 966.000000
res32[12] = 27135836.000000
res16[13] = 1.826087
res32[13] = 51296.476562
res16[14] = 0.000000
res32[14] = 0.000000
res16[15] = 0.000000
res32[15] = 0.000000
res16[16] = 1.000000
res32[16] = 1.000000
res16[17] = -42.000000
res32[17] = -1179819.000000
res16[18] = 42.000000
res32[18] = 1179819.000000
res16[19] = 42.000000
res32[19] = 1179819.000000
res16[20] = 42.000000
res32[20] = 1179819.000000
Result for test_double
res16[0] = 53.000000
res32[0] = 4593068.000000
res16[1] = 31.000000
res32[1] = -2233430.000000
res16[2] = 462.000000
res32[2] = 4027016021931.000000
res16[3] = 3.818182
res32[3] = 0.345659
res16[4] = 0.000000
res32[4] = 0.000000
res16[5] = 0.000000
res32[5] = 0.000000
res16[6] = 0.000000
res32[6] = 0.000000
res16[7] = 3.818182
res32[7] = 0.345659
res16[8] = 1.000000
res32[8] = 0.000000
res16[9] = 65.000000
res32[9] = 1179842.000000
res16[10] = 19.000000
res32[10] = 1179796.000000
res16[11] = -19.000000
res32[11] = -1179796.000000
res16[12] = 966.000000
res32[12] = 27135837.000000
res16[13] = 1.826087
res32[13] = 51296.478261
res16[14] = 0.000000
res32[14] = 0.000000
res16[15] = 0.000000
res32[15] = 0.000000
res16[16] = 1.000000
res32[16] = 1.000000
res16[17] = -42.000000
res32[17] = -1179819.000000
res16[18] = 42.000000
res32[18] = 1179819.000000
res16[19] = 42.000000
res32[19] = 1179819.000000
res16[20] = 42.000000
res32[20] = 1179819.000000
