Swap16(0xAABB): BBAA Swap32(0xAABBCCDD): DDCCBBAA
mov(inc(41)): 42
Arg: 3.141593 Sin: 0.000000 Cos: -1.000000
