cost: 74.73928833007812500000
square: 5585.96122008655220270157
