a = 3.000000 (should be 3.0)
b = 4.000000 (should be 4.0)
